11.85511723
10.54644243
6.49813371
10.81976693
8.360322925
9.348338886
10.79904067
9.644514976
8.304960573
6.132481921
7.400867846
9.259748609
2.526075067
7.233334646
3.966908014
15.5400641
8.077797657
9.724380117
3.338129837
6.949032134
14.75157677
15.15358095
9.974406764
6.800070688
14.02326806
6.554782891
9.736527449
10.13446563
7.718963191
8.123846188
7.919921174
12.8146757
6.350129478
7.30010501
9.954479788
13.7955018
4.294267337
9.202928818
4.267023172
8.170235522
9.008447174
9.638194361
3.700329599
13.10151909
5.173631247
3.016434448
10.15699263
4.478686019
8.92294547
3.755687816
4.79064534
9.193920307
6.637579501
12.36504312
4.179275916
15.9172481
10.19272015
3.966049139
12.86793773
10.13136073
9.03286258
2.538870969
11.56521785
6.583850676
6.998718237
4.978882494
2.635706001
7.706430142
5.384961803
7.482092445
4.617295053
10.31808446
4.421467356
6.579940897
8.161348544
6.664972418
3.684230408
14.80656369
5.880175442
5.240994032
5.123842315
9.52312273
3.986802631
12.79307448
9.238078567
6.889667681
11.37217838
5.296794823
4.09115521
4.659367528
6.103541691
4.955859257
12.79301018
10.05612702
8.970742711
14.27844191
8.87185347
8.736610335
6.731420581
5.345419703