10.6299
10.46619954
10.33119981
10.28549124
10.25360154
10.19832606
10.17175131
10.15899543
10.13773563
10.10478294
10.07820819
10.04738148
10.01230281
9.98785404
9.98785404
9.87198813
9.83797245
9.81777564
9.81564966
9.76462614
9.70190973
9.69659478
9.67746096
9.66576807
9.65088621
9.63387837
9.61793352
9.59667372
9.58710681
9.55096515
9.54139824
9.52970535
9.51801246
9.51801246
9.51801246
9.51801246
9.45104409
9.4499811
9.39257964
9.34899705
9.34261911
9.29372157
9.28202868
9.27246177
9.22569021
9.20443041
9.20230443
9.19380051
9.18954855
9.15446988
9.13958802
9.13321008
9.12364317
9.05986377
9.05773779
9.04285593
9.02053314
9.01202922
8.99821035
8.98758045
8.98013952
8.97057261
8.95356477
8.9503758
8.94293487
8.92699002
8.92273806
8.91636012
8.91636012
8.8972263
8.89616331
8.88128145
8.87702949
8.86214763
8.86108464
8.84832876
8.81112411
8.72927388
8.71014006
8.69100624
8.66124252
8.65380159
8.63891973
8.62403787
8.6208489
8.61872292
8.60809302
8.60065209
8.57407734
8.56238445
8.55919548
8.55281754
8.55175455
8.5464396
8.54218764
8.54006166
8.5358097
8.50285701
8.47096731
8.46033741
8.43695163
8.40612492
8.39655801
8.39549502
8.38805409
8.38167615
8.3763612
8.36998326
8.36785728
8.36785728
8.35935336
8.35191243
8.34978645
8.34978645
8.34128253
8.3338416
8.3338416
8.30939283
8.291322
8.28175509
8.2806921
8.27325117
8.27325117
8.27112519
8.26581024
8.26581024
8.26155828
8.25518034
8.24455044
8.23285755
8.22966858
8.22647961
8.21478672
8.20521981
8.18289702
8.17864506
8.17758207
8.1743931
8.17014114
8.16163722
8.16057423
8.16057423
8.15207031
8.14781835
8.13399948
8.12230659
8.10210978
8.0999838
8.09466885
8.09466885
8.05852719
8.04045636
8.03514141
8.02982646
8.01281862
8.0043147
8.0043147
8.0043147
7.99581078
7.98836985
7.98730686
7.972425
7.96392108
7.95541716
7.94585025
7.94585025
7.93522035
7.92352746
7.92140148
7.91714952
7.91183457
7.91183457
7.90758261
7.90758261
7.90545663
7.90014168
7.8873858
7.88632281
7.88525982
7.87144095
7.86825198
7.86081105
7.84061424
7.82998434
7.81829145
7.8129765
7.8129765
7.81085052
7.80340959
7.77151989
7.76407896
7.76301597
7.76195298
7.759827
7.75876401
7.75663803
7.75451205
7.73750421
7.72900029
7.70774049
7.70029956
7.66203192
7.65990594
7.64502408
7.63120521
7.61419737
7.59825252
7.58018169
7.57699272
7.56742581
7.56104787
7.54191405
7.53447312
7.52490621
7.5047094
7.50258342
7.49301651
7.49301651
7.49089053
7.48982754
7.4834496
7.4834496
7.47707166
7.46856774
7.46856774
7.44730794
7.43880402
7.43136309
7.42604814
7.42498515
7.42392216
7.41860721
7.41754422
7.41116628
7.41116628
7.40372535
7.39734741
7.39096947
7.38352854
7.38246555
7.37502462
7.36864668
7.36120575
7.35163884
7.34844987
7.3452609
7.34313492
7.33569399
7.33356801
7.32931605
7.32612708
7.32187512
7.31018223
7.28998542
7.26766263
7.26766263
7.26128469
7.25703273
7.23258396
7.23258396
7.22089107
7.20919818
7.20600921
7.19537931
7.19219034
7.17305652
7.16986755
7.16774157
7.16242662
7.15604868
7.1432928
7.1432928
7.13585187
7.12947393
7.12415898
7.12097001
7.1114031
7.11034011
7.10715114
7.10715114
7.09758423
7.09439526
7.09333227
7.09120629
7.07207247
7.06569453
7.06356855
7.0582536
7.05612762
7.04549772
7.04443473
7.04337174
7.04124576
7.02530091
7.02211194
7.02211194
7.02211194
7.015734
7.015734
7.015734
7.01360802
7.00616709
7.00404111
6.97852935
6.9519546
6.93494676
6.92963181
6.92963181
6.91687593
6.90518304
6.89986809
6.89986809
6.89349015
6.88711221
6.88073427
6.87541932
6.83715168
6.83077374
6.8243958
6.81589188
6.8137659
6.80951394
6.80632497
6.78506517
6.77549826
6.76167939
6.74467155
6.73085268
6.71597082
6.70640391
6.70321494
6.70002597
6.68939607
6.67770318
6.67345122
6.6543174
6.63518358
6.62774265
6.6224277
6.62030172
6.58522305
6.58309707
6.57140418
6.57034119
6.52782159
6.49167993
6.48105003
6.44384538
6.43321548
6.42896352
6.42258558
6.42152259
6.41939661
6.41620764
6.41195568
6.41195568
6.29608977
6.29502678
6.29183781
6.28120791
6.26845203
6.26526306
6.25994811
6.25569615
6.24400326
6.23868831
6.23656233
6.21955449
6.17490891
6.16853097
6.16427901
6.13451529
6.13238931
6.08986971
6.08986971
6.0803028
6.07817682
6.05798001
6.05372805
6.04203516
6.04203516
6.03034227
6.01014546
5.99845257
5.98782267
5.98144473
5.96443689
5.952744
5.92829523
5.87301975
5.86451583
5.86026387
5.85494892
5.82943716
5.81349231
5.77841364
5.77628766
5.76565776
5.71994919
5.71250826
5.69975238
5.69018547
5.68274454
5.67530361
5.67105165
5.66998866
5.66042175
5.62853205
5.58920142
5.57219358
5.56368966
5.56368966
5.55518574
5.50416222
5.49672129
5.49459531
5.49246933
5.48821737
5.48396541
5.44357179
5.43825684
5.42762694
5.41912302
5.40317817
5.3999892
5.37660342
5.34258774
5.34046176
5.31388701
5.31176103
5.30538309
5.29581618
5.29581618
5.2936902
5.27668236
5.27349339
5.25861153
5.25861153
5.25435957
5.25223359
5.24798163
5.24691864
5.24160369
5.23628874
5.21609193
5.20971399
5.20439904
5.19589512
5.14061964
5.07896622
4.92695865
4.87274616
4.86743121
4.83128955
4.83022656
4.81959666
4.81002975
4.80790377
4.75475427
4.6877859
4.677156
4.67609301
4.6558962
4.64951826
4.64420331
4.60806165
4.60699866
4.58254989
4.56341607
4.55491215
4.48900677
4.45711707
4.44861315
4.43585727
4.26896784
4.11908625
4.08294459
4.07869263
4.05424386
4.03085808
3.99365343
3.94794486
3.92668506
3.91074021
3.86290566
3.85546473
3.85440174
3.84377184
3.84270885
3.81294513
3.81188214
3.76511058
3.74703975
3.69707922
3.59822115
3.54719763
3.53337876
3.43770966
3.12093864
2.91046662
1.85491755
1.11826548