8.7883
8.76457159
8.65120252
8.64856603
8.60726102
8.55628888
8.34449085
8.21530284
8.19245326
8.18454379
8.14235995
8.08787249
8.03865801
7.92353128
7.9182583
7.90683351
7.90419702
7.90156053
7.89452989
7.88574159
7.85234605
7.8479519
7.84355775
7.83828477
7.81455636
7.81104104
7.81104104
7.7952221
7.78907029
7.70997559
7.69239899
7.68361069
7.64318451
7.62121376
7.6194561
7.6194561
7.5843029
7.56496864
7.56408981
7.55618034
7.55530151
7.52717895
7.52014831
7.5052082
7.49114692
7.45599372
7.45599372
7.45335723
7.44193244
7.44017478
7.43402297
7.40765807
7.40765807
7.39886977
7.39886977
7.36986838
7.35932242
7.35756476
7.33910933
7.28198538
7.28110655
7.27231825
7.27231825
7.24946867
7.24771101
7.2415592
7.23716505
7.23189207
7.21080015
7.18179876
7.18179876
7.16861631
7.15894918
7.15894918
7.15894918
7.15894918
7.14313024
7.13522077
7.13522077
7.13346311
7.11940183
7.11237119
7.10446172
7.1009464
7.09655225
7.07721799
7.07194501
7.05876256
7.05876256
7.05612607
7.04645894
7.03767064
7.03591298
7.03503415
7.02888234
7.02536702
7.02536702
7.01745755
7.0130634
7.01042691
7.00603276
6.99109265
6.99021382
6.98406201
6.98230435
6.97175839
6.96384892
6.96209126
6.95066647
6.94978764
6.93836285
6.91727093
6.91111912
6.90408848
6.89617901
6.89617901
6.88914837
6.88036007
6.88036007
6.87596592
6.86102581
6.85575283
6.85399517
6.85223751
6.84960102
6.84960102
6.84344921
6.84081272
6.83905506
6.83202442
6.82499378
6.81620548
6.81532665
6.8109325
6.7933559
6.7933559
6.79071941
6.78368877
6.7757793
6.77314281
6.77226398
6.77226398
6.77226398
6.76962749
6.75644504
6.75556621
6.75117206
6.74677791
6.73974727
6.71865535
6.71162471
6.70283641
6.66680438
6.66680438
6.63868182
6.62989352
6.62901469
6.61846873
6.61495341
6.58858851
6.58067904
6.57101191
6.5648601
6.56046595
6.56046595
6.54640467
6.54201052
6.5384952
6.53761637
6.52355509
6.51300913
6.51125147
6.50422083
6.47961359
6.47785593
6.47082529
6.47082529
6.47082529
6.45852167
6.45764284
6.45149103
6.43830858
6.42688379
6.42512613
6.42512613
6.41809549
6.41370134
6.39964006
6.39260942
6.37854814
6.37327516
6.36360803
6.36185037
6.35481973
6.34954675
6.34603143
6.34251611
6.33460664
6.32493951
6.32493951
6.32230302
6.32230302
6.31790887
6.31351472
6.3099994
6.28627099
6.28187684
6.26166375
6.2572696
6.25023896
6.25023896
6.24320832
6.23793534
6.23705651
6.23705651
6.22123757
6.20981278
6.19223618
6.18520554
6.18344788
6.18169022
6.17993256
6.17905373
6.17465958
6.17378075
6.15971947
6.15708298
6.15708298
6.1430217
6.12896042
6.12808159
6.11314148
6.11138382
6.09644371
6.09380722
6.0815036
6.07798828
6.06041168
6.04810806
6.04371391
6.03844093
6.03668327
6.02789497
6.02701614
6.02525848
6.01647018
6.01471252
6.01207603
5.99801475
5.99801475
5.99010528
5.96989219
5.9672557
5.96461921
5.95934623
5.95143676
5.9496791
5.93913314
5.92155654
5.92067771
5.92067771
5.92067771
5.90925292
5.90397994
5.89958579
5.89870696
5.888161
5.888161
5.88200919
5.87585738
5.87146323
5.87146323
5.8705844
5.86619025
5.86531142
5.86355376
5.83367354
5.82136992
5.81609694
5.81433928
5.80994513
5.78885321
5.78445906
5.78358023
5.77742842
5.76776129
5.75545767
5.75106352
5.74842703
5.73963873
5.73612341
5.7299716
5.70887968
5.70184904
5.70009138
5.69833372
5.69393957
5.69306074
5.69306074
5.67636297
5.66054403
5.65878637
5.63945211
5.63242147
5.61308721
5.5981471
5.59287412
5.57793401
5.57266103
5.56035741
5.54893262
5.5454173
5.54453847
5.49708165
5.49005101
5.48214154
5.48126271
5.47335324
5.45314015
5.43029057
5.42677525
5.42413876
5.42062344
5.41974461
5.40041035
5.39953152
5.39425854
5.36877247
5.360863
5.3520747
5.34240757
5.33801342
5.32395214
5.32219448
5.31780033
5.3081332
5.30637554
5.30637554
5.30373905
5.30198139
5.29582958
5.28704128
5.26946468
5.25891872
5.25803989
5.23167499
5.22552318
5.21849254
5.21585605
5.21058307
5.20091594
5.19476413
5.18861232
5.1763087
5.16664157
5.15697444
5.15609561
5.15258029
5.14818614
5.14379199
5.13939784
5.1323672
5.1323672
5.13060954
5.1235789
5.10424464
5.07524325
5.07260676
5.06557612
5.06469729
5.0444842
5.04360537
5.03745356
5.02954409
5.01108866
5.009331
5.00845217
4.99966387
4.98736025
4.97681429
4.97329897
4.97154131
4.96626833
4.95484354
4.95484354
4.95044939
4.93638811
4.93463045
4.90826555
4.89156778
4.88277948
4.87399118
4.86256639
4.85905107
4.84147447
4.83444383
4.82917085
4.82389787
4.8072001
4.79489648
4.78698701
4.77907754
4.76150094
4.73513604
4.72986306
4.72546891
4.72019593
4.71580178
4.70613465
4.70437699
4.69998284
4.68152741
4.67098145
4.65516251
4.65076836
4.63934357
4.61649399
4.6138575
4.60419037
4.60067505
4.59188675
4.59012909
4.54530876
4.54530876
4.52158035
4.52158035
4.52158035
4.51982269
4.51367088
4.51015556
4.50224609
4.47939651
4.35108733
4.3414202
4.33526839
4.306267
4.29835753
4.29572104
4.28165976
4.2799021
4.26408316
4.15247175
4.11819738
4.10940908
4.10589376
4.04349683
4.01801076
4.00394948
3.96703862
3.96264447
3.95297734
3.90288403
3.90288403
3.90024754
3.88354977
3.87476147
3.76051357
3.72184505
3.69372249
3.67790355
3.65681163
3.64450801
3.58914172
3.56892863
3.53553309
3.49510691
3.48543978
3.47665148
3.46346903
3.40546625
3.40370859
3.37734369
3.36855539
3.2165178
3.1549997
3.12248299
3.05305542
2.93617103
2.88871421
2.88344123
2.88080474
2.85004569
2.8386209
2.78237578
2.77270865
2.74985907
2.74107077
2.73052481
2.69449278
2.67340086
2.67252203
2.51609029
2.39656941
2.22256107
2.11094966
2.07315997
2.01339953
1.46061546
1.31033553